DaysSinceStart = 11
LvObfuscation = false
93200,1,1,none,-1
98000,1,1,main,0,c5f451a9-874f-4d6e-9b0d-0de992717658,-1
101200,1,1,main,0,09a986bc-6462-4f64-9e1c-0784d19831aa,-1
89400,1,1,main,0,none,-1
200,1,1,main,0,035179f6-fff0-4b8c-a508-0dad3db64a20,-1
201,1,1,main,0,6f352ed9-750a-40db-958c-f66e675b376a,-1
203,1,1,main,0,dbd1c43a-70d6-4244-b5d1-025f4d874683,-1
204,1,1,main,0,a4f354d1-03db-43f3-a960-8a8f6e5e2c24,-1
205,1,1,main,0,435b486e-c0d3-48de-9c24-39de58a83e88,-1
91200,1,1,none,-1
107600,1,1,none,-1
95000,1,1,none,-1
98200,1,1,GEN-268080,6
